9
-3
-5
-9
2
8
-8
-1
-8
7
-17
7
-262
-4
6
58
-16
-622
42
-734
409
400
-9
611
-80
-45
-676
549
409
472
-51
-658
-655
-492
663
301
-12
-27
-213
295
-33
-58
10
76
239
106
-662
497
-19
-15
-734
735
-127
-120
735
-206
398
-9
-398
-246
-59
-9
70
32
48
58
-48
-555
-421
-26
-300
-200
-63
-112
27
438
10
32
479
-437
903
-467
-9
72
155
156
-773
188
263
-695
-24
21
62
6
38
-598
4
-27
27
50
-754
-111
-170
-9
-315
1000
135
-814
-34
466
-27
101
-69
159
-104
-269
162
115
-329
75
-695
-42
-458
107
-10
-317
-452
61
700
-699
504
68
666
56
53
645
-642
16
-361
-90
-36
491
-309
-9
16
-284
-52
249
-411
-144
74
-683
-560
19
-55
643
29
45
10
112
12
57
85
58
-43
-4
548
-336
-442
836
60
-451
86
-434
-219
-69
19
-400
-53
-316
59
70
-720
-367
88
-279
-42
163
-466
-955
18
-950
-72
201
-551
-507
-215
0
224
774
464
-180
2
569
127
-535
-471
-773
-773
-153
-8
483
517
-83
333
27
42
568
463
-247
603
-67
-12
-519
42
-773
-773
-61
9
75
-264
74
-356
260
-710
-399
-558
-227
10
630
-642
28
-243
-732
-388
